1511.6877112856498
1511.4785730639799
1510.7708368799417
1510.1609598213163
1509.5392676274118
1508.9788639064047
1508.314414552804
1507.772899067138
1507.1707478038827
1506.6511009848525
1506.1515365133814
1505.896170505789
1505.5233085599946
1505.3616110986216
1505.2948002665985
1504.8823781487285
1504.3758810543545
1503.8205041769186
1503.3466818741879
1502.834033411362
1502.4987374880632
1502.1375787245443
1502.4822136494913
1502.0696989576595
1501.518641925491
1501.0295167496263
1500.6342397379453
1500.0940830603872
1499.5654506588612
1499.069260953347
1498.5223227594786
1501.950907135867
1507.4314940192887
1511.3221728735195
1515.4005323504016
1519.380737447326
1525.7902535334351
1535.4065449665875
1546.995265474203
1559.227568148245
1569.5335468293151
1576.4917096901152
1579.33276269989
1577.0676684510618
1570.5661700539647
1559.971944646689
1546.336547486872
1534.423419793021
1527.1981012753242
1525.7046296644141
1527.8011164921638
1529.9081936886719
1531.066842411032
1532.4540623397615
1535.6321982210259
1543.624019240027
1554.4266412852076
1564.6264534376692
1572.5362169567602
1577.6144778587884
1578.4936215630173
1576.2476489556243
1571.22135780811
1563.5682477032174
1552.930269619889
1541.0104938849652
1531.9676564826873
1529.825422857207
1529.5581594129833
1530.9350921811595
1533.231397665177
1535.51302734917
1538.9423537190312
1544.6985999684325
1553.069751014908
1562.4339547591708
1571.2399053813547
1576.092251077784
1576.445857965727
1573.1155055453166
1567.1688959729788
1558.6255052173838
1547.1724086710742
1536.0890925460985
1528.3562322585692
1526.6851888622816
1529.073159499678
1534.36404665916
1540.7238922227104
1545.3201440454905
1549.1084452549492
1553.8650901538374
1561.2579690285224
1570.5371270368357
1580.7610740969724
1588.3224326381944
1592.026656487555
1591.7454402428268
1586.8028223583772
1578.6903691109467
1567.8574041265242
1554.937634058126
1543.8092223115611
1538.6235258841016
1538.9026231852763
1541.9737049462162
1545.9772662104644
1550.165595477164
1556.4365588239248
1566.3002565026104
1576.7754020012007
1586.746798419068
1595.3205462429985
1599.2691405736127
1599.3931215226382
1595.6566647179868
1588.682990879187
1578.6198250626649
1565.1231637657054
1553.7483770571728
1546.958418881263
1546.8710242415252
1551.236914586393
1555.5586212735707
1557.3369238175997
1559.2551969431736
1561.735011371645
1567.1154258854676
1575.3762900306378
1585.2552126402165
1592.3394862603034
1596.8538186578355
1597.4945635450647
1595.1482192414353
1590.438588025008
1584.1106469210013
1575.6393316017698
1566.2713131567175
1559.1872044819036
1556.4736405899673
1557.977630490684
1561.83396790597
1565.8413841026781
1569.8723602876075
1574.2752339193046
1578.9920224809352
1583.8142218916082
1588.1479178868365
1591.0752096132476
1592.1362976933358
1592.9115662866236
1591.3352937477418
1589.094406913714
1586.2021145051829
1581.3471306272002
1574.6998544622256
1567.8496379579606
1564.7803735884586
1565.5736869258515
1570.5107984467058
1576.955814336201
1583.8481352239755
1587.7845098035837
1587.8119338887243
1585.2213375660674
1581.0377822994758
1578.9012203824384
1579.4480535013422
1581.6943549297246
1584.1283154325013
1586.2236747933896
1587.55981356815
1588.3953386095664
1588.0982288169055
1586.4093017239618
1584.1316298850184
1581.7546938914877
1580.6998148319487
1581.903972798936
1585.0185698503142
1589.325944055906
1593.383633259383
1595.9977116128991
1596.6345929232118
1595.376130145288
1593.0902007412558
1590.4276296889234
1587.5550541435152
1586.0006684925322
1586.4051992381508
1588.4383031832915
1590.6316759865663
1592.040423828542
1591.9221707412153
1590.094671391278
1587.3628498567593
1584.916925302872
1584.2141775047392
1585.4987214765788
1587.8470096214373
1590.4155067977938
1592.2842759213631
1593.2607041102988
1593.2515956831667
1592.3323959164397
1590.7370871602088
1588.4919558799245
1585.81818560811
1583.0069762178157
1580.9394077543402
1580.0045003356522
1580.130833595402
1580.45251736504
1580.7142825003011
1580.7400654451772
1580.4900015776834
1580.2321014012164
1580.1471160969695
1580.3076085518808
1580.6093884850934
1581.2060461352
1581.8711828536696
1582.7745917803609
1583.5785453988867
1584.241184234357
1584.5303623317786
1584.563837085222
1584.5314561221678
1584.7314974985397
1584.7597462155002
1584.532799199471
1584.0859647862796
1583.7459599586155
1583.650355348039
1583.84174067934
1584.1632000467287
1584.5408254590097
1585.0760928561722
1585.933775997177
1587.0593047531602
1588.0843869834682
1588.758871816697
1588.9474268944925
1588.3632834223233
1587.1688792460036
1585.644102523332
1584.0470787012036
1582.5543947851847
1581.0633739484801
1580.3539292195092
1580.5371537488804
1581.5361388313625
1582.8953733952803
1583.9000218412816
1584.1139113890138
1583.3597720930136
1581.9276079960591
1580.742191144922
1580.916905509797
1582.7947800252073
1586.002095990596
1589.0770833862575
1590.6651315135148
1590.7872038318521
1589.848648906594
1588.2265318851162
1586.7914142632092
1585.6570966043273
1584.6226303631454
1583.6305944465703
1582.8125145897131
1582.2017387014364
1581.4325735549517
1580.2557269325976
1578.8990911249812
1577.6609884516693
1576.8927872070901
1576.510270252993
1576.3729136355412
1576.1545425591196
1575.571074332603
1575.1759198188445
1574.9207230439267
1574.9095332297004
1575.1408282905327
1575.198091648389
1575.035393662155
1574.9362875541244
1575.059914781457
1575.182323450257
1575.067267563881
1574.9058722234004
1575.0427186636894
1575.329276812139
1575.9084805170899
1576.4082664585674
1576.4911543648684
1576.403312218639
1576.1943209351905
1575.8167673943933
1575.3378401678926
1575.0093664626804
1574.9162191323535
1575.0238442059667
1575.3717488978293
1575.7521517989574
1576.1177761442236
1576.213582927845
1576.2981914698423
1576.2198801417455
1576.186936374983
1575.9501374908898
1575.7923937121554
1575.6202173258546
1575.4372429359355
1575.3694364908363
1575.418743306596
1575.6924030389468
1575.9768378727833
1576.3445815190987
1576.5280007063025
1576.465705637632
1576.132054755161
1575.7064445684514
1574.9691403792992
1573.9820858034745
1573.0186427189951
1572.082126454714
1571.2750225323518
1570.6364260758153
1570.38032331005
1570.3649864552476
1570.2672620832711
1570.4004082972262
1570.5478078364474
1570.4145544698597
1569.9834040836415
1569.6710793271213
1569.7780134510706
1570.585837700467
1572.1242126529773
1574.063797990198
1576.0272715721806
1577.8313721242284
1579.4595881793664
1580.6752682010026
1581.2558204221777
1581.4855721096715
1581.49686831208
1581.528521152544
1581.3177446278933
1580.8562759490114
1580.3791670300222
1579.7925158694225
1579.3420489951372
1578.9797862791415
1578.9804321964848
1579.0691124110394
1579.101246087943
1579.250418142204
1579.6053001744513
1580.3743302573828
1580.8550327664889
1580.6871658258049
1579.7520732837395
1578.4771150750134
1577.2968154427465
1576.540825767767
1576.2276566518224
1576.1083136308987
1576.3761721541566
1576.9973025594009
1577.9086932978214
1578.789375293747
1579.6797611672037
1580.841685399361
1582.4603644597894
1584.6197367131715
1587.172651742624
1589.7475204926704
1591.2043983908757
1591.073071847
1590.0795201267504
1588.4571395502703
1585.9969721204184
1582.7921990337702
1578.9398892967272
1574.9863532184572
1570.6510891326334
1566.1355544947542
1562.5548768795102
1561.0612825275118
1561.9865269495717
1564.9243408613572
1569.4541504280471
1574.3172188645449
1578.4092961789681
1581.137658755776
1582.3109135040356
1581.8935324591757
1580.0171640224034
1577.962694365012
1575.5747818962825
1573.2343955225465
1570.6152623451667
1566.8005923536018
1562.4301989663707
1558.9227913487184
1556.2357632182418
1554.6824957953531
1555.8465442025022
1559.0509129630652
1565.1309193253223
1572.85911394053
1579.000331050861
1582.660862276617
1583.363687812108
1579.3572948338965
1575.1161284262694
1568.554205433941
1561.4085569107035
1551.4593505781368
1540.0106091338282
1529.6657206229982
1523.537043110133
1523.1671526771306
1525.1892359393148
1527.1232326474342
1528.4018037264475
1530.1106268377396
1534.6308143846968
1542.9791441083976
1554.3080014426332
1565.6728766666126
1576.5727058558887
1582.4749674464358
1583.5241738602977
1578.4264673278094
1569.2548129739537
1557.97248331571
1544.745898161598
1533.1817680396557
1528.0517321236289
1529.7137242076883
1536.2593274127382
1542.7983996685728
1546.1981692397153
1548.5268226672943
1551.7919850547805
1559.060738058121
1568.8631260458112
1579.911864155792
1589.8047913089426
1595.9422628831053
1597.0488144939377
1594.2449060538233
1587.3165217878625
1577.6386801500053
1566.2717096321578
1554.0875131485625
1547.1645554931774
1546.55287291626
1548.9605502879176
1551.2580717264884
1553.0955007214966
1556.2862501496622
1563.1115270542975
1572.028225354707
1581.7876964518784
1590.5307010299916
1596.781152513267
1597.2260269350468
1593.3309931288343
1585.430604744502
1573.626854792799
1560.0353230038966
1547.7064044684103
1541.2808270372484
1540.5358360574996
1542.6923601252747
1544.2021379312355
1543.814031324256
1543.289859237142
1545.3299559259876
1552.8118414326163
1563.8733913236206
1575.4859681134467
1586.8584453983767
1594.685631646841
1597.9381433556755
1597.7232963216306
1592.1157217783398
1583.1293263485513
1571.3127625010918
1558.552554704809
1548.816277834953
1544.3162869038608
1545.7142444069293
1547.6543745433994
1548.6165635537986
1549.2452351796894
1552.4489370023423
1558.7651084145286
1567.2123701255396
1574.7527568714595
1580.6059005599395
1583.7757902490766
1583.784698308457
1581.3374810020753
1576.3779358599352
1569.0412684476892
1559.7444174742172
1549.0136995675477
1541.8860895294486
1539.799271476582
1542.826764075114
1547.08762265578
1551.7983040702504
1554.4385359687897
1556.893795770935
1561.6959431732341
1569.490676607646
1577.6854773948116
1586.1364225682912
1593.210065285762
1597.1577140738411
1597.3391598764179
1594.433727595405
1588.9496899406777
1578.9610205422273
1568.1721015431126
1560.1934460060222
1556.5122740696204
1558.5289540856484
1563.690540201288
1568.7698964304764
1572.4247045463342
1576.0223824496813
1581.676436983971
1589.4815196140664
1599.1966632898996
1608.110186194294
1615.1140063154394
1618.9974871770662
1619.6635496094248
1617.2567208986445
1611.7005687851554
1602.1627704714915
1591.2800388590142
1582.155830528571
1579.2276096280366
1581.4356855608003
1584.93973124524
1588.0316083687662
