-1588.6411654482406
-1584.9432041170985
-1584.9906057572975
-1584.8335135377004
-1584.3274706478248
-1584.401971357638
-1584.3463393409265
-1584.3206443142851
-1584.0526713411973
-1583.2617407882365
-1582.3524650688275
-1582.1433180847753
-1581.8139366746211
-1581.4654045378493
-1580.2070039353011
-1577.566464002055
-1575.5683905673598
-1549.820487130129
-1542.474652861297
-1543.9051745358024
-1549.7253327284739
-1556.7086040384802
-1562.5427490198194
-1566.0565134890594
-1566.6383777291435
-1571.6347569715267
-1575.3931670534446
-1579.4086023625339
-1589.8445522467407
-1588.5940061179504
-1585.7031658297756
-1581.0526105559431
-1575.0691432123278
-1567.5254223011827
-1558.6080939541027
-1551.0395111687035
-1546.4207868027465
-1550.002703331469
-1556.1026527376575
-1568.800101616676
-1569.6280437717442
-1572.1175653545201
-1573.51198712102
-1575.898202079638
-1576.433700106307
-1575.1763153818367
-1564.1575669681458
-1557.7947169224967
-1549.7291548569901
-1540.8399218867585
-1533.5061674324768
-1529.0239795193465
-1528.1424041338553
-1530.5243722348432
-1543.273504653434
-1557.8100340347278
-1559.9229777148792
-1560.0061810840582
-1562.897048632672
-1565.757583108224
-1569.018221445359
-1574.307862196505
-1574.657183495945
-1573.1397609325215
-1569.8682693400974
-1564.8598288027367
-1558.677463940484
-1543.6270612088035
-1536.3068302863312
-1530.4640153140974
-1537.654524116102
-1544.5684257223968
-1558.1753629601433
-1561.9852766284287
-1564.8316123736413
-1567.8035219957103
-1570.6772841137051
-1573.1918291548157
-1576.0836484044435
-1578.822924006412
-1580.9949342409184
-1582.3029216339355
-1570.5180181144854
-1563.9775643221253
-1556.2452540046675
-1547.2344680545514
-1537.3350091396997
-1542.9381061548409
-1550.1972107895915
-1558.5656342575437
-1564.4067647792144
-1566.63699247438
-1565.1557256014157
-1567.1029357146951
-1577.41946919782
-1582.2199316849255
-1586.5040183617396
-1581.3767248243078
-1568.6943410385031
-1560.4714525219933
-1551.9459253689963
-1545.3997490553095
-1541.9822181050176
-1542.239090164784
-1549.6833359311586
-1554.5730568530673
-1559.0486186155335
-1564.49897050864
-1577.4446430083074
-1580.6544293944967
-1584.8404920366477
-1583.0321120558958
-1579.7640356562727
-1575.6677868491329
-1558.5134810715786
-1551.0686613534285
-1545.3542836407173
-1542.957668851498
-1547.3888044648645
-1573.0338968878402
-1572.0492646893517
-1571.0886105190923
-1572.122440900364
-1574.4258872849193
-1577.5733800104965
-1583.081641795545
-1580.5464968455708
-1562.457670975392
-1559.836876442254
-1562.797207212545
-1567.629927255932
-1578.912440913424
-1583.815722971499
-1588.2761416274411
-1586.7807773025077
-1583.0784509389407
-1583.5011015414136
-1582.6442467535105
-1579.5143984097858
-1576.4800502470864
-1574.8924858613786
-1569.7513894166605
-1568.899478996282
-1568.7985098664888
-1569.2392151061442
-1570.2117686404256
-1571.828833923348
-1582.4746625238133
-1592.5135388269646
-1594.1070635389167
-1595.9428898780636
-1596.077365413958
-1595.630437750966
-1594.4373966127332
-1592.1267164627511
-1589.0340423909936
-1582.3932740993623
-1576.556852514498
-1574.9418771730068
-1573.8807313082073
-1574.6228126556468
-1575.5363829708451
-1579.6145673371082
-1584.4258613935635
-1586.6146836145408
-1587.5588030725962
-1589.1998036423483
-1589.818065395675
-1591.3762722259396
-1590.6139834945525
-1590.122355992329
-1589.1237582081405
-1588.9560167729915
-1588.928767082103
-1588.9773789099143
-1588.9515425467366
-1589.2684159556143
-1589.8971872797583
-1591.247328443638
-1591.8003760853899
-1591.487881949193
-1586.109470027318
-1584.5012348936204
-1581.3797039428032
-1579.2688428100998
-1578.52875097232
-1578.6746583300198
-1579.0303877580027
-1580.8024981537094
-1580.8079555517386
-1580.330018265029
-1580.1295670550442
-1579.5763767063868
-1580.1643734483446
-1581.1481404546016
-1582.2177109120996
-1583.9855773476468
-1587.7609094103857
-1587.6275757750038
-1584.3913346016698
-1583.8424484620157
-1583.4591364306439
-1582.870410605434
-1581.917824336315
-1578.840849457772
-1577.0568796704488
-1576.716036827015
-1576.6256564389046
-1576.790363525325
-1576.7801783543084
-1576.8395410536398
-1577.9585202491523
-1578.953576635642
-1579.3422102668321
-1579.5322934252415
-1579.6611517180118
-1579.803082604448
-1579.821021533639
-1579.7929828653564
-1579.6908078972535
-1579.372694429084
-1579.079531974934
-1578.7312759329243
-1578.171657526632
-1577.8187682839236
-1577.5941091410057
-1576.8604407118391
-1576.5043637760295
-1576.305792763267
-1576.254024261408
-1575.580755307118
-1575.4051630021775
-1575.3806944584983
-1575.459677316505
-1575.4093883501969
-1574.886418539608
-1574.6860090342182
-1574.528350319744
-1573.9326951753756
-1574.1171648874829
-1574.5601984271584
-1574.5219586284818
-1574.459596867205
-1573.5955026409056
-1572.4650780294526
-1571.8518955727397
-1570.9451117192268
-1570.8602832619815
-1571.1478326686943
-1571.3047866971926
-1570.970875575702
-1571.4290148631833
-1573.6932652153373
-1574.3860912619925
-1576.190070332811
-1578.5493032552026
-1581.0798602193559
-1581.3691651396555
-1581.232354628623
-1580.5543188563768
-1579.73666928182
-1578.4846419651408
-1576.9647707412557
-1575.0958605049768
-1572.917947707391
-1566.8203790442606
-1566.3885644312577
-1567.0059718301334
-1568.1280672967998
-1572.616070488312
-1576.581095754393
-1577.631220974696
-1578.4051440152036
-1580.151092872761
-1582.3061197313414
-1584.134998997687
-1584.2700684429274
-1584.2987112357282
-1583.799616280349
-1583.7615331061097
-1583.7934461725617
-1583.730605877232
-1583.6369849800167
-1583.4546497975357
-1583.3420813704777
-1583.0564457521784
-1582.7482352561565
-1582.559866730297
-1582.7798233718643
-1582.5350479059507
-1582.2813370839558
-1577.3644194775754
-1575.1431681280314
-1573.705681397648
-1573.3523559753764
-1574.4642697403797
-1575.2387728323372
-1575.9128419370177
-1579.2658517390935
-1581.1714396526786
-1583.4839132446684
-1582.4705955173972
-1580.3090807558708
-1577.171109574635
-1569.8531202257086
-1566.3615744371214
-1563.1283258256626
-1560.779267506979
-1560.8817694958393
-1563.2674252543823
-1576.4678052866404
-1577.8374906028237
-1577.8129644640342
-1574.8502339474524
-1572.287695236215
-1570.049407049387
-1568.5441789422678
-1568.0322830960188
-1570.0048507786717
-1567.6125734303162
-1564.7903906797537
-1561.2112508855591
-1565.9777832988773
-1570.3299906233485
-1576.5616059218103
-1573.7244610154726
-1569.181684017129
-1563.2249319002735
-1555.8376056102907
-1539.848873336829
-1535.140647538399
-1533.4943802646055
-1535.1428790212858
-1547.7988486126997
-1556.1789424031815
-1562.4484591150222
-1569.1158407749747
-1572.2208078083688
-1576.1470551689758
-1580.240072724124
-1583.1070084827659
-1581.8798541777442
-1578.3427803839604
-1573.876497044227
-1568.902073296813
-1563.1740807265348
-1556.0949402026329
-1549.498172574938
-1546.1110540664836
-1563.381345317824
-1571.4663369956866
-1583.4043059943644
-1580.8679380424626
-1585.3487971829243
-1587.844037787931
-1584.7174694143912
-1580.1370011161532
-1574.6869544617723
-1566.4367398780066
-1565.712461039923
-1567.8420428601098
-1572.4190751103165
-1578.81251218619
-1585.6593313947455
-1591.5790541717538
-1595.324237048564
-1591.3604086158946
-1589.3266967838128
-1588.9073903889457
-1589.1170708580232
-1589.2273188383547
-1588.790900650654
-1581.0228832508856
-1575.9015529288122
-1572.471673927939
-1569.651531997822
-1574.3849916373738
-1582.9633233694612
-1591.9119017703213
-1592.8137044564369
-1589.7892886513764
-1588.1396875069975
-1588.1954651892677
-1590.9662531686467
-1591.2681313213498
-1590.9356902923366
-1589.4822501864246
-1587.033965757228
-1586.0042214715616
-1584.8045253148578
-1583.255133754502
-1581.5021117344347
-1582.2603514189939
-1584.2025291476482
-1585.6126149679433
-1585.9450319979303
-1586.4589595909868
-1587.6631102167148
-1589.1385530496093
-1590.6484122642823
-1592.0044563086321
-1591.3167266783198
-1590.518685902357
-1589.7312837391014
-1589.2106971487533
-1588.095604858433
-1585.8795677781486
-1584.7622855391674
-1584.2494849941008
-1584.0710135297984
-1583.9183250597978
-1582.6553160134697
-1583.8884169322712
-1584.6687704186982
-1586.1266311113775
-1586.6178006167083
-1586.4848745437168
-1586.0463755760518
-1584.4481561784544
-1584.5683230794068
-1584.196931752418
-1583.8306155989426
-1583.4511557518247
-1583.3591709231123
-1583.2599451600863
-1583.3599800889647
-1583.4242532646472
-1583.3646649292123
-1583.1971118559934
-1583.2107749889692
-1583.1658160731133
-1583.094621721248
-1582.9575958935916
-1582.0897233795583
-1581.884460068031
-1581.3613211727777
-1581.214419160667
-1581.2343600331585
-1581.163687626695
-1580.7567838691677
-1581.0023037578349
-1581.4202764461172
-1582.362439408111
-1584.7856011117308
-1589.647448549899
-1597.0056798860867
-1596.8594052846763
-1594.9218246908245
-1589.8253986604143
-1587.3240965428442
-1585.233296050755
-1582.5857178093602
-1582.0596353390774
-1582.4226679437718
-1585.2417323581549
-1585.757544033399
-1586.3709311771959
-1586.7961179413992
-1592.0228178929733
-1593.8042510677258
-1594.6080157775805
-1594.216036821818
-1592.0981832733262
-1587.7339723636594
-1581.0468738620846
-1573.9884634149114
-1568.1387066428886
-1564.1332720106782
-1562.2864372517606
-1563.2152704370492
-1566.5679730725872
-1571.1906826849167
-1583.3648791287196
-1585.244160133418
-1584.0906632487397
-1580.2255993389397
-1578.887702776422
-1577.4527467422329
-1577.6758578530464
-1578.0854984013795
-1574.351675322805
-1571.4575816169354
-1568.9664975361939
-1568.0639253149377
-1571.7187874659116
-1575.0147773512003
-1578.4988930533996
-1581.7368346710462
-1583.8364657885045
-1584.6191964157338
-1583.6080409001704
-1575.641303509037
-1568.7617491571493
-1551.2634321628718
-1543.9977779432365
-1540.094010509959
-1557.0451063541095
-1560.0362385244287
-1560.7230353439102
-1575.2623792557993
-1579.5199846318526
-1583.1230078477104
-1575.6496676653023
-1568.9950771884967
-1560.7811519726324
-1552.4058680194664
-1546.917290472895
-1550.3804805289176
-1555.8478784926674
-1561.0469877469143
-1564.3083117219894
-1565.1698595719513
-1567.4460284770948
-1576.5440943412466
-1577.4403022086547
-1575.5151817444505
-1563.5851132938433
-1556.9895417181067
-1549.300596627159
-1539.7362952666654
-1539.4047348141808
-1541.232705904025
-1544.5716892405908
-1548.5064632391477
-1551.5333390016872
-1553.4193773888944
-1564.9950523818
-1569.4526981642189
-1573.7574824159074
-1576.9980987454767
-1578.4043661243884
-1565.4857215513443
-1556.849383463313
-1547.0300346855352
-1539.2807840991893
-1534.8191016934152
-1542.9351444281167
-1559.193529296731
-1566.1925478934638
-1570.117890701431
-1571.074576862949
-1570.9628138099386
-1571.2508114919572
-1574.0744334006274
-1577.2221852919124
-1580.7474874094805
-1579.759207686003
-1577.0860184024702
-1572.46891736568
-1566.151322368261
-1558.3495418642947
-1549.9221732472813
-1540.014902854556
-1545.623996185637
