1611.3014937295306
1608.3635998228683
1608.888692143612
1609.1340089145156
1609.3865106587937
1609.3207845536108
1609.5666391364923
1609.5937896769717
1609.6862748603319
1610.1869393602772
1609.949831808839
1609.650141087671
1609.5725852096757
1609.6754936458235
1608.9222167450437
1606.7375676623906
1606.1078357759015
1580.0916835467867
1572.8398340253414
1574.9598331167267
1579.778863840123
1586.1291726667102
1591.5569979515146
1597.0316995877536
1598.3472443861824
1604.6019009389713
1608.8371688069774
1613.2048427561772
1625.9845764014462
1625.542377581181
1623.3919541088944
1619.1761255952176
1613.0287550466953
1604.9527366585967
1595.173470403533
1587.3733751576247
1582.926648445104
1585.125239286159
1589.8246779564654
1603.1352123295833
1604.7694436154031
1609.511562977143
1612.2931077183566
1617.2718209210752
1618.999719291569
1619.7218132846253
1610.2568317346327
1604.07376411813
1595.9107326315063
1586.671458663596
1579.61165715342
1575.8807354953842
1575.6315920704108
1577.9365259362405
1589.009223481176
1601.940188675843
1604.2485212555544
1604.9084874977536
1608.486711536665
1611.4251794301085
1614.8142074095576
1620.3636999404457
1621.1102332609746
1620.0998303445535
1617.255348502459
1612.5878043144307
1606.4764137760078
1589.9841012667368
1581.8971917601202
1575.9348657467035
1581.118515977978
1586.6939903984896
1598.5703806266781
1602.5256662608513
1605.7643492390068
1609.1834384638807
1612.7638935718962
1616.0543237958495
1619.6538828626155
1623.094371242681
1625.724428315866
1627.16988895166
1615.7258204271
1608.7081107265637
1600.4789970081017
1590.2715760462365
1579.2615454025968
1583.7445938822568
1590.0987858007836
1597.3672968144917
1603.0056130361702
1606.061263279051
1606.6696372909153
1609.777371836362
1619.5543190714648
1624.0495330911983
1628.248207837436
1623.669005971887
1611.1089941240784
1602.4204193983308
1593.186918289838
1586.2368709936666
1582.7298780152694
1582.278411994907
1587.1747189227272
1591.020032221633
1595.0247653546007
1601.3080833159481
1615.6212556956236
1619.2818801191365
1624.988890265101
1623.6578971605452
1620.664606850489
1616.7156442259397
1598.6910278994487
1590.2822263476485
1584.0032951242986
1581.7000769642073
1584.9515712224136
1607.003917522371
1606.5123021930526
1606.5467379679255
1608.0270831210785
1610.3252066656698
1613.4325068273984
1618.529994590445
1615.9545396254018
1596.4681681011402
1593.6679479789088
1595.7926018608127
1599.4476011326842
1608.8184471575248
1613.1074503389643
1617.1787606640116
1616.0724362453916
1614.3012299195173
1616.8880809695618
1616.9866703862183
1615.0055116046947
1612.6323951019017
1611.4175643360363
1606.2945870650888
1605.4368915507873
1605.6544052556683
1606.482848056953
1607.6849971956733
1609.3754492144483
1620.449623161364
1629.5157443037897
1630.502557076482
1631.2228083349517
1631.0271533688583
1630.4296241762565
1629.4311952579076
1627.7470211723462
1625.595708908683
1621.2987776813204
1618.1109923024321
1617.589001610778
1619.6465141901404
1621.8123338105484
1622.228383866301
1624.5919848945123
1628.0690168555343
1629.0290135723105
1629.2677351291484
1629.2459117059555
1629.1783765642729
1629.5272999515307
1629.137795699946
1628.8793171166508
1628.2921071450273
1628.393491980019
1628.5377920228163
1628.5186832305524
1628.6350743820208
1628.7795021338202
1629.524287340237
1631.2747826445914
1632.5148941861357
1632.35161090209
1628.0234534399387
1626.7574983218735
1624.2876555922487
1622.6059643283493
1621.9195958546197
1622.3007393699509
1622.8328125964838
1623.9206544582878
1624.3052875176766
1624.054267051146
1623.4565272924137
1622.572100579816
1622.21132891523
1622.7487825317305
1623.7258759117758
1625.0832341348428
1629.0064525065768
1629.16448486928
1627.6894216890857
1627.7945624920123
1628.2654953221254
1628.5674732289465
1628.250667170773
1625.6277835589399
1623.3324579964783
1622.4181307679128
1621.7428507701295
1621.3200163792526
1620.8270317766946
1620.1728347418236
1619.4368614853493
1619.7229605069433
1619.7621932912014
1619.045985490193
1618.7641664509438
1618.671594345885
1618.527893037404
1618.3504933528725
1618.2585588728473
1617.6143129182049
1617.5845081755153
1617.4043387434629
1617.1795448166984
1617.0534010131228
1616.9474369693596
1616.4412642574696
1616.1824613913045
1615.9662056983088
1615.6974151059983
1614.2785087719562
1613.984407425387
1613.8917117915355
1613.6550694131238
1613.3890303298624
1612.6663861385327
1612.371072341477
1612.1520502744024
1611.3208838807213
1611.2679426782895
1611.474796102984
1611.2140348288294
1610.9869546147693
1610.3167304023848
1609.897540575028
1609.692829748631
1609.5292070011556
1609.647029463503
1610.2769727703335
1610.465705634208
1610.0151560657014
1610.1396111440565
1612.0601075216437
1612.9062616131764
1615.3489550719958
1618.7819960834195
1623.7002022987583
1625.0403720034105
1626.9564063701025
1627.3832668605346
1627.4832858759798
1627.2639211205415
1626.569612441173
1625.4036734339847
1623.8525414025091
1618.7895759700923
1618.2367886364834
1618.4683325300778
1619.2075026891705
1621.2794598658963
1622.0736175779482
1622.2851986202818
1622.31435149511
1622.662092522504
1624.0578439026003
1625.436564244221
1625.3053258627226
1625.15259198681
1624.356648860348
1624.1873409389186
1624.0076425782725
1623.9420004441547
1623.8159430306089
1623.6068436205949
1623.4330143835928
1623.1540729458961
1622.938349108398
1622.8887276642217
1623.087960430043
1622.7758864786917
1622.4533215674353
1618.9261828368114
1617.5103192236936
1616.4242214459932
1615.7263429027794
1616.508206608545
1617.352635520996
1618.45244022474
1621.4482594108968
1623.2900010726082
1626.4868419123804
1625.996990540649
1624.714063562053
1622.7323115060246
1618.2623253064053
1616.1267464272423
1613.8681492847675
1612.3373429375924
1612.8342185323254
1615.0470490927596
1627.0649721269747
1628.1038398812902
1627.823841031798
1624.4491860091866
1621.4731405716832
1618.5607859729546
1616.3113537186618
1615.0482451906562
1612.068244703529
1605.809574619623
1602.7652509100528
1600.3120464585859
1606.4887285764642
1611.2515450715368
1619.4755531738563
1617.6893648518767
1614.0641181707554
1608.6011697698277
1601.2612998899751
1585.1765567786924
1580.8618981512814
1579.3863182342227
1580.4728155693829
1590.5966096711372
1597.4371543378088
1602.9105413569546
1610.760610234904
1614.0900114260078
1617.9817762801615
1621.9936862415905
1624.738611903237
1623.9841008592466
1620.815562139773
1616.6315070698142
1611.504803882914
1605.1637883372548
1596.9436538290615
1589.2146524702573
1585.4756128700064
1599.8224109130706
1607.1051444253292
1618.1866233833962
1618.346241642804
1623.3439361045644
1626.6445384698898
1623.5541037797861
1619.033732456406
1613.2759930250882
1603.8985158920468
1603.137160064754
1604.4099313169854
1608.1323656128718
1613.68329653462
1620.025577043612
1625.578042063017
1629.3372330057782
1628.3488655113756
1627.6802096559268
1629.3810888275955
1630.430270578167
1631.1561096226644
1631.3540313835979
1626.1481236001243
1620.7094106061734
1616.1859253784137
1612.343633408964
1616.2624763323981
1623.5910670935702
1630.695006189815
1631.5164429001381
1628.8229794007232
1627.4189314735731
1627.6687476635282
1630.69877487945
1631.7610891199263
1632.2894134403625
1631.6977265699165
1629.8313817246992
1628.6264766112636
1627.142443689147
1625.493763960062
1623.8677626145584
1624.8582281283245
1626.8853740420288
1627.8722261346413
1627.9513368099267
1628.5199665479597
1629.5536691068914
1630.7073140260666
1631.807519572247
1632.8588762287632
1633.3168063789292
1632.774853129272
1632.1152445008738
1631.3064427832976
1629.9402170719586
1627.8515683154671
1626.7050165410246
1626.0817714915454
1625.9751677692493
1625.9517342019174
1625.9508162975458
1626.8387998119006
1627.287258185655
1628.1587773087583
1628.202531118415
1627.856742817636
1627.3475859453993
1625.733475977007
1625.7159204831155
1625.3795915685992
1624.8745371649636
1624.239031093928
1624.1266745944124
1624.0850113173428
1624.127622687928
1624.1963960482115
1624.132350262331
1623.8950337207998
1623.7969217723385
1623.4373870502566
1623.262444600711
1623.0201082837827
1621.8615533182408
1621.6217528815837
1621.53549207645
1621.642211130345
1622.185932980218
1622.4418528171475
1623.0714015902843
1623.8807237260835
1624.5103611475286
1625.913024905856
1628.844003585955
1633.5249312766337
1640.456929714645
1640.6731780343598
1639.117102065794
1635.1309637920926
1633.3395176404688
1631.83816963699
1630.1711843671208
1629.873245634225
1630.3922569685928
1633.0743813056288
1633.7998588216294
1634.4081534809575
1634.7441977963667
1639.6076632055008
1641.5705783268386
1642.8979623710477
1643.389410247311
1642.5211811736574
1639.5640161238982
1634.5076741484256
1628.988891074996
1624.4607829936906
1621.410526699837
1620.1280022251667
1621.097429183702
1623.9405742841336
1627.645458338349
1636.7471360113263
1636.9638022184174
1635.194198178629
1630.0653532388208
1627.9928195171908
1623.6355683278778
1622.6263996906314
1621.5355429749118
1614.780382921271
1611.895863618557
1609.8307901850803
1609.424893842418
1613.8988531350876
1617.4987685222425
1621.2110826529233
1624.762288107138
1627.5373175176394
1629.151849304317
1629.176023530641
1622.9740398020826
1616.6442559487825
1598.5566720561708
1590.6327813177234
1584.4166617570968
1594.3104641514185
1596.5163153192452
1597.4129739961284
1613.3920995074873
1618.1728834058604
1622.1194015541448
1615.2516888128623
1608.0922264874503
1598.9191927442546
1589.8050919450711
1584.3959651893065
1587.494909229274
1592.3736566695093
1597.0639973859938
1600.7420649502085
1606.5672932370946
1610.601597097832
1623.1761468244251
1625.1318590619367
1624.958905095693
1613.8735215979061
1606.7401214569782
1598.065118535272
1589.3610377626037
1589.1587956217693
1590.5186724780858
1593.1922899504268
1596.669512434757
1599.595668759113
1601.9340970620501
1615.2665868262247
1619.8359026191756
1624.258407223309
1627.755488858965
1629.6731393075793
1615.500320543583
1606.548966212407
1595.9049784277927
1587.8149565576093
1584.1240573085247
1591.6926965193056
1606.5042864430504
1612.6316213039613
1616.2512204500777
1617.7559435009591
1619.4987534660186
1620.8165619611502
1624.710801018886
1628.1946756526575
1632.6086695324552
1632.0135163528405
1629.5803048845085
1625.0718606684059
1618.435156339892
1610.012431975374
1600.550349412697
1591.0826652090377
1596.802539288221
