1520.8816859414628
1521.8900965860403
1523.1361283474182
1523.4653199746042
1523.6076664796512
1523.5144293719372
1523.2243079403627
1522.9316322027616
1522.6400327803904
1522.218595626696
1521.780961796003
1521.3934913775477
1521.018813152573
1520.494509846164
1520.092474330988
1519.6481055565323
1519.2493654749694
1518.8697087651708
1518.5116425125577
1518.0910165555672
1517.7464586094954
1517.394560053892
1517.0393856445999
1516.6827534956324
1516.3536727063995
1516.0199629868764
1515.6557170048648
1515.2487059517516
1514.8317821039934
1514.3597129205496
1513.8087236431704
1515.328702689685
1519.9428334950396
1522.7603776661585
1526.5453900283617
1531.2556080925344
1538.021750434581
1547.8579967671462
1559.4169258170887
1570.5729649019709
1580.4906938609756
1587.3122414947593
1590.8496570582865
1590.3839604457462
1584.6080356973273
1573.940586758734
1559.8403276509969
1546.9004392412155
1539.644810069995
1538.6471379618931
1540.66648576792
1543.108799223154
1545.8462367976656
1549.3138288313185
1554.1496706684711
1563.3124110927422
1575.2126038100985
1586.7130768934655
1595.9195358184872
1602.0134786979738
1604.8684433730239
1604.2467972188817
1600.4044451164625
1593.0982252444173
1581.767930369234
1569.1083439807587
1561.3464658770838
1559.1813253954188
1560.3997771093457
1562.375053551893
1565.1492458648447
1568.8690590898373
1574.200735769041
1581.7131834466472
1591.0213116463633
1601.0813432619414
1609.6364482108124
1614.7579435741318
1615.8047411614164
1612.8709602380436
1606.5774862359272
1597.1677006096168
1585.0902642092615
1571.9563713115758
1562.4996518760606
1560.6322958531014
1563.3618652075274
1568.5380548232808
1574.628395667803
1579.7772632741664
1584.1654907655145
1589.1575708129565
1596.6238559621663
1605.8371427844359
1615.3308145932835
1623.5117357947545
1628.393567675616
1628.6893384779848
1624.6577414815329
1616.7700978177563
1604.8919786065542
1590.6609359445695
1578.7384336688576
1573.7699943799682
1574.5008467924579
1577.1002942779335
1580.6948293967457
1584.98995988189
1591.48142291135
1600.7938381079703
1611.216987772261
1621.1827941700992
1628.89492827576
1633.1369988892925
1633.4794941422717
1629.8575042350374
1622.713015621695
1611.5433433572748
1597.0289304017676
1584.379460628026
1577.7362975891567
1577.2446575306465
1579.72607886768
1583.0042474910201
1585.9146846736255
1588.2947109250867
1591.4628485080814
1597.115674028066
1604.9244475390135
1613.271358113957
1620.5441986079945
1624.946482113166
1625.8035238823197
1623.7014889496254
1619.409509338453
1612.5562305220662
1603.2009072578815
1592.2462260993802
1584.945210977071
1583.0324794570706
1584.8977871283885
1588.1768382349348
1591.2288153252928
1595.748754883324
1600.3671579809286
1605.4112431900007
1609.55413857493
1613.3154142926346
1615.637819261036
1616.8498791554089
1616.560789705615
1615.5256031471995
1613.883164389513
1611.0557208039074
1606.1530216378098
1598.6695922394017
1592.1915476415647
1589.7483174044355
1590.8444957773277
1594.7583885086813
1601.0561154490085
1608.0287335989042
1613.425025489418
1615.5608134189092
1614.2939573652332
1611.0709252872175
1609.3122447489002
1609.9873132508114
1611.9487801038688
1614.2537788994464
1616.215550749908
1617.4370885919436
1617.8316216824858
1617.2638632927567
1615.2895242576633
1612.3692985757332
1609.2079866495815
1607.3720078060335
1607.8814898843254
1610.3025471894803
1613.8719222982859
1617.4915155334347
1620.1621673231932
1621.4496664424482
1620.7681328874603
1618.8792996989107
1616.6489513739323
1614.0843280062247
1613.0566492687103
1613.7476892265431
1615.6603278807918
1618.1268259281792
1620.0519265363137
1620.587137870532
1619.4883153216454
1617.2047131195036
1615.0534521562686
1614.3799223224892
1615.5663996531023
1618.1857816272227
1621.2292654944536
1623.7694680568
1625.459622872203
1625.9355889389697
1625.7963207747803
1624.9949650584533
1623.600856901405
1621.7203803210318
1619.7132701172536
1618.393428050598
1617.6697051365609
1618.379583838426
1619.1238946788033
1619.606384762903
1619.865448964292
1620.1012716843707
1619.8490210213172
1619.640279593
1619.5260290438544
1619.52507554398
1619.7600714915927
1620.215746840431
1620.9342749183968
1621.6187327737925
1622.1123958072878
1622.3822888470957
1622.6579279734851
1622.903633372745
1623.4110549435693
1623.7603591704303
1623.898924875422
1623.8550637264177
1623.801536295044
1623.9019444207047
1624.1246602071574
1624.4108298472013
1624.650947014012
1625.0518324978582
1625.6744461637325
1626.40360418314
1627.0816042310273
1627.4140227344594
1627.1482021176541
1626.1683326520624
1624.747577447835
1623.037739550877
1621.3061517393826
1619.6975117679563
1618.341221515533
1617.4006575334688
1616.94157317511
1616.9182617090585
1617.2316726183228
1617.444401344061
1617.3726183542658
1616.6648529710533
1614.971457178633
1613.2732375469463
1612.7141760380698
1613.918467165552
1616.8360075878218
1620.023291176055
1622.2064084280062
1623.0123462474264
1622.7613528463412
1621.8267516763822
1620.9074290116303
1620.1335129669183
1619.4348292427117
1619.1140908106477
1619.131257183821
1619.183663085633
1618.8884561362277
1618.0605853587556
1617.0419524545969
1616.069921125488
1615.3475751873939
1614.834038721636
1614.498235655275
1614.0745609811838
1613.309055667763
1612.4409806103195
1611.5189042175155
1610.7764900912068
1610.251081055855
1609.768297641921
1609.1048355690423
1608.5379938128722
1608.1594076161011
1607.7098206640328
1607.1332660325193
1606.6061371638398
1606.2608708810187
1606.1725658050823
1606.3566804107752
1606.3092162205867
1606.1209970526902
1605.8426971038582
1605.3919762867279
1604.8014122490556
1604.1719254570887
1603.5203829079912
1603.002020347744
1602.6918270791439
1602.6736877846288
1602.7977869535093
1602.8154421865581
1602.7292485894766
1602.445444790495
1602.197296450853
1601.93851112255
1601.5945365674502
1601.327329663949
1601.097118131625
1600.9544278384892
1600.8231671700757
1600.8914779107579
1601.1377724334131
1601.4739932943605
1601.815501325262
1602.1067461607747
1602.1671193522134
1602.0207133897356
1601.7434213086844
1601.2302944400255
1600.542110673385
1599.8329608583956
1599.2682777508692
1598.785360551975
1598.4604360555502
1598.4790363805946
1598.7298919742404
1598.7776546772457
1598.8539379771034
1598.860890699691
1598.7990681348324
1598.5945485802313
1598.5074956864285
1598.918021435113
1600.0676763687918
1601.864130194302
1604.0638184810314
1606.383656481882
1608.507463454031
1610.6010425420275
1612.5342077228447
1613.9584702538925
1614.9357871751106
1615.785747481087
1616.6566661231834
1617.3409521735193
1617.7188989865338
1617.9828365074115
1618.2228940821421
1618.4450307087966
1618.834038401446
1619.2501744654362
1619.6841329073575
1620.114108763687
1620.4805294978817
1620.9770769823078
1621.5619192554175
1621.8384971353319
1621.6360875032592
1620.7885627365388
1619.5246712439016
1618.3205266674079
1617.5071340680563
1617.1080338353836
1617.0166180714104
1617.196561926159
1617.5376632000834
1617.9942987840273
1618.4824564970418
1619.2187568928257
1620.203062117262
1621.5393913198918
1623.338831435756
1625.6096591393066
1627.660389262179
1628.562364186235
1628.2577424500166
1627.6514110550565
1626.8718336988554
1625.528493441677
1623.7477401835465
1621.5150583959603
1618.9339757907705
1615.5207087093092
1611.5404601990017
1608.2950206103578
1606.9967817252468
1607.4960342831846
1609.6147491665683
1613.0719475334602
1616.3949091690092
1618.7821215071317
1619.978764028279
1619.7611982747771
1618.2082208249449
1615.272756601527
1611.6863797955032
1608.4125441118917
1605.3270356001374
1601.9212589284434
1597.6587832727084
1592.8470161646144
1588.2516115260962
1584.3019648898369
1581.9169882714873
1582.0909221669613
1585.7404157502235
1592.2802827218468
1600.551266064355
1607.9732225789555
1612.6660313659454
1614.3992845524963
1613.4113901049266
1610.4902998143518
1606.077662155372
1599.6948753931988
1590.2868539215904
1578.3430486168209
1567.4947912624614
1561.1743159883285
1559.6409943857734
1560.6177713394088
1562.2152518607777
1564.0303817686467
1566.220410758297
1570.9744704567213
1579.5808089194413
1590.8130393350327
1602.536090057101
1613.353111429742
1620.870142901879
1622.6697660382358
1618.5843500989665
1609.834983949436
1598.0928944183918
1583.8890010617956
1571.3744060004235
1565.7968111422006
1567.3353351956848
1572.9130846636367
1578.8249274125862
1583.0181604927607
1586.56749175059
1590.0088891797723
1596.5722527993473
1606.0615899247257
1616.4860130468571
1625.5144823369574
1631.0115244167184
1631.8497439101075
1628.5016680086749
1621.7429315120785
1611.440110928838
1598.2756538081096
1584.7736388318087
1576.969491265702
1575.966968491028
1577.391180522673
1579.9508069936146
1582.8174233314026
1587.0362485809135
1594.0487793533207
1602.9484297907613
1612.9890056602835
1621.9397732485866
1627.652577017055
1628.6597715207517
1624.8313346989999
1616.7676904073783
1604.6794745302934
1589.846685409604
1575.3809562011165
1567.57113330696
1566.551875310336
1568.6307641807311
1569.962605168713
1570.1632664621313
1570.0340879646662
1572.1101883628178
1579.4104536360371
1589.9351457253422
1601.9274439494425
1613.059848705312
1621.9530074090983
1626.3089751514838
1625.267229725646
1619.9484602344676
1610.5633742229468
1598.2088294424057
1583.8550218872717
1574.3462450215682
1571.3045663147984
1572.749733946228
1574.8337595061475
1576.636322655871
1579.1027339479901
1583.4117344586489
1590.2519091531076
1598.8608588863056
1606.8103349250207
1613.455539863909
1617.370124826
1618.1960487135452
1616.4128874333305
1612.293711869682
1605.4515093446673
1595.976872710734
1584.3449714695498
1576.1936492566879
1574.4097329525098
1576.9813453659228
1581.6300046365338
1587.1255340704804
1591.6778121906277
1595.9952106445899
1602.2909341858829
1610.671062525322
1619.7943737240062
1628.8362571123312
1636.6385524613918
1641.6348258172177
1642.9365274682605
1640.4512845139652
1634.7645333836488
1625.5596396447538
1613.7274211417296
1604.8426456973323
1602.4350263819829
1605.0133617956105
1610.1883880181608
1615.9692304439507
1621.161742990372
1626.1681692990792
1632.6293495468847
1640.791576376486
1649.8434052190028
1658.56889601812
1665.6715820570603
1670.162950230864
1671.416385859899
1669.6512310871256
1664.6677338984678
1656.1806706009304
1644.7143975926806
1635.7559827239454
1633.629778479202
1635.8374061831453
1639.8995325020371
1644.8519391457064
