1525.615491180998
1526.4749311554156
1527.6444162910243
1528.0180336790966
1528.1841340585345
1528.1321344157134
1527.8817248552277
1527.6361311350802
1527.379655985765
1527.0233698701302
1526.648158573343
1526.3096292439188
1525.9904802376464
1525.5767984808322
1525.2296610688102
1524.8403670812402
1524.5083362645992
1524.1867511987762
1523.8909557485722
1523.5420854931317
1523.2606962697785
1522.9715261782087
1522.6775652821725
1522.3857968794346
1522.131991666072
1521.856217523458
1521.5535217775466
1521.1891370506105
1520.803870777058
1520.3616308897033
1519.8563261145794
1520.8100924795747
1525.2543707325121
1527.7896940629457
1531.2685017845467
1535.8121634369795
1542.5292883412728
1552.2823561923055
1563.7629786645382
1574.6973613746397
1584.5747291224793
1591.362507158545
1594.7087361922045
1594.1224026976574
1588.1409463014913
1577.2661509919312
1563.0262289961074
1550.0332729131562
1542.7447836057474
1541.7662591582816
1543.8156288310101
1546.3121946528554
1549.0163133286283
1552.4741420171176
1557.252456694103
1566.2771189436953
1577.9199361565004
1589.1412026623616
1597.997000238379
1603.7157272989448
1606.153278140643
1605.181041214195
1601.0073548967432
1593.402038355755
1581.8396789354488
1568.9143457887178
1560.8150021482263
1558.3005042852412
1559.2077464404301
1560.9501221764071
1563.56864425605
1567.2400132097125
1572.504580627319
1580.06977094758
1589.4867255696565
1599.6885452399558
1608.4375320007405
1613.7315138517513
1614.8746821507962
1612.0001933975575
1605.7481886844164
1596.3330346805128
1584.2306656509193
1571.1333455784759
1561.8239309991345
1560.1947319084084
1563.2680604991394
1568.6985946911186
1574.9634357057805
1580.2416301294354
1584.6979901342822
1589.6496738237702
1597.0908748228271
1606.213801924392
1615.6189270159489
1623.6702849491724
1628.4363987001511
1628.5135975152707
1624.427578913986
1616.255711610584
1604.2773949753316
1590.0202663258797
1577.9432950553753
1572.7601404056334
1573.230814976079
1575.6223943488242
1579.1025125102099
1583.420913869413
1590.0150030859818
1599.4779591517893
1610.1241268836275
1620.341038645814
1628.2898527997286
1632.735457762996
1633.200877415939
1629.7083950560527
1622.6685601921452
1611.612069765659
1597.1260248306237
1584.507365380502
1578.0408267660014
1577.7311224554192
1580.5420836417325
1584.0687502054388
1587.1942942030303
1589.7131739725826
1592.919750343887
1598.4821002410542
1606.162068028117
1614.315462171363
1621.4064794654018
1625.6525482076954
1626.2811567277333
1623.885204485651
1619.4219377484815
1612.4673728939883
1603.021402776116
1592.0863278547563
1584.5600819405938
1582.4033610056288
1584.1239500065872
1587.0975790408831
1590.2403402884454
1594.4564360436127
1599.1398409777933
1604.222868738514
1608.4748522136415
1612.2700243712447
1614.772848794723
1615.963824479338
1615.8477847033023
1614.933131358798
1613.4707315603148
1610.7455946824582
1605.9912270603554
1598.6602705531977
1592.25878302928
1589.9995417888538
1591.2614644111463
1595.3449313976162
1601.7817761429833
1608.8538836307487
1614.355611889342
1616.5131083410574
1615.2872699372058
1612.0621725062704
1610.2744776583547
1610.9222521618206
1612.8375859358225
1615.081288436499
1616.9911572735275
1618.0950389286993
1618.4244124052318
1617.8233054274906
1615.7488902217233
1612.8363589967942
1609.6151790155063
1607.6950177694582
1608.06240806734
1610.3462044278006
1613.8469804349882
1617.4641528600455
1620.148937312771
1621.3575628172084
1620.5786443276702
1618.5614397336617
1616.1929987332946
1613.6467185230747
1612.495942410342
1613.19251548362
1615.0919100382412
1617.4961968930545
1619.5020263495053
1620.049129944549
1618.8989124487507
1616.5536715232754
1614.3572978052898
1613.678953020485
1614.8979373291565
1617.5521198399874
1620.6792852833864
1623.3148315885826
1625.070673101851
1625.6713049764885
1625.577075475782
1624.8104130097165
1623.470478243945
1621.6302310673252
1619.6565234560362
1618.3254383623896
1617.3898455876322
1618.299217919688
1618.9331401910292
1619.2083329733834
1619.4955502458606
1619.9922644215408
1619.7409344930284
1619.5597649671552
1619.5067203460374
1619.537741749919
1619.8059537815907
1620.279409316826
1620.997267303508
1621.6523104351882
1622.1036379361415
1622.3426777893465
1622.5715161215244
1622.8333687846555
1623.3215345273165
1623.6082591491868
1623.7213995251013
1623.6992885899451
1623.6800995435428
1623.7977685708008
1624.0198146119276
1624.2919334241683
1624.5067441856747
1624.8850087910405
1625.4850668712531
1626.187502290118
1626.8383507316598
1627.157001777836
1626.9446385112406
1626.071363998375
1624.6992270050753
1622.9863225526917
1621.2127418799143
1619.5591136937328
1618.2126631169504
1617.3095560840857
1616.836950240733
1616.7677227594768
1617.079060976958
1617.3203153534223
1617.4252064576774
1616.8875177224065
1615.3300316990117
1613.7041458178455
1613.2157123874454
1614.50271720528
1617.4752783957936
1620.7108919024759
1622.952465801921
1623.8166758730672
1623.5675027863037
1622.6259216340168
1621.6680222406171
1620.858095864541
1620.1665810900167
1619.8489410920574
1619.9050155413438
1620.0050458168735
1619.7511894158918
1618.917237005238
1617.9004721736553
1616.9123067759997
1616.188414068416
1615.6690327845688
1615.3608218476086
1614.988245619913
1614.197596455746
1613.273236152982
1612.3122018990036
1611.5218498125678
1610.9601757227451
1610.4654331353058
1609.845213047695
1609.3006300447444
1608.9211799558805
1608.4732398942767
1607.8816813167832
1607.4009397401655
1607.0833362061992
1607.0290954929899
1607.151905619767
1607.1352024388284
1606.9542072017568
1606.6891376326369
1606.2562786716505
1605.745006576239
1605.1191503158734
1604.4093472322359
1603.8120170219647
1603.4511621733889
1603.41824348664
1603.5461328045938
1603.5545712871285
1603.4450720430812
1603.1309337795874
1602.8452342936855
1602.5471928966444
1602.1880723576353
1601.9161526710025
1601.6862448901982
1601.533620763267
1601.3774503638128
1601.4022055958187
1601.5960981516928
1601.880550176234
1602.1727708217027
1602.4123337454942
1602.4444200385062
1602.3009238621
1602.0209885709505
1601.4893743707723
1600.77052847382
1600.0178414930033
1599.4234716828219
1598.9436931924604
1598.6028580014565
1598.5692068699132
1598.7841934606884
1598.819943195133
1598.8515089148086
1598.792994142315
1598.6596264492628
1598.401900863952
1598.3154260415688
1598.6791377292575
1599.8029991207125
1601.6002001977347
1603.802647728794
1606.1557472943311
1608.281850274651
1610.4255363096036
1612.424945887423
1613.9165587369916
1614.9663715795239
1615.8721390755834
1616.8028512536869
1617.5544927765682
1617.9767035293692
1618.3044661403474
1618.588472637103
1618.8239847828925
1619.2478889793244
1619.6959535128267
1620.1620610178586
1620.6169653026948
1621.023975047448
1621.5613686758522
1622.1951349688427
1622.5275671476059
1622.3743615434869
1621.5912493203873
1620.402280989479
1619.2800077637444
1618.5195364580409
1618.1143933830854
1618.0119819797787
1618.1722000255222
1618.5181071266343
1619.004238708361
1619.585421265452
1620.2742081983818
1621.212248149719
1622.5049264702018
1624.3465839174366
1626.5971131771687
1628.5720176453808
1629.387504679024
1629.0238021879334
1628.3578957268553
1627.558935875681
1626.0849514932102
1624.1233154286886
1621.7191701595927
1618.9679081836903
1615.4288659889237
1611.3453766930731
1607.9928099010995
1606.6290929651427
1607.1778357091268
1609.4040409108368
1612.942791598915
1616.3880903509657
1618.826773634775
1620.0894580969502
1619.8722177122668
1618.2352901470786
1615.186303795744
1611.4937625024188
1608.06051494939
1604.9389502994993
1601.565724847056
1597.3406491693133
1592.5743784028016
1588.0387462547665
1584.1481702812014
1581.8769604748743
1582.1953816176372
1586.1004392774892
1592.961340597742
1601.5231135778117
1609.275266700384
1614.3015969530227
1616.3468162259276
1615.6079603973494
1612.9007422409056
1608.6081161293755
1602.3282056049582
1592.992332843567
1581.0934866279028
1570.2084154228553
1563.7972658251658
1562.0443882346367
1562.6589019459648
1563.8967038948506
1565.3318230746136
1567.1928157426025
1571.7921675387493
1580.3584344601122
1591.5506086386008
1603.307998804114
1614.2403766508226
1621.9736171927566
1623.790402413405
1619.8108134495042
1611.10184293762
1599.3799135705947
1585.1720304691657
1572.7129169920145
1567.2400689442659
1568.912931404824
1574.6271398468548
1580.6471442588434
1584.988416433397
1588.680235432876
1592.2165198111502
1598.8145760055302
1608.261492810265
1618.5646187630425
1627.3823554907237
1632.7359203156584
1633.3409991830608
1629.78556204431
1622.8561296777198
1612.4205232126233
1599.1529754028102
1585.5592761470953
1577.6475944070041
1576.4546494862361
1577.6645648072108
1579.9853041952517
1582.7478429719476
1586.9940313529441
1594.0973309641918
1603.2920431741486
1613.338307705028
1622.524617606383
1628.492350964466
1629.6544837645356
1625.8954776784963
1617.9450690301885
1605.8413949726116
1590.9156933001118
1576.4128706188465
1568.6379640724276
1567.7894277698397
1569.9637294885401
1571.4859799006408
1571.937440334737
1571.9200399338367
1574.0421145150617
1581.3129950752852
1591.8119784285013
1603.6828904475992
1614.648558187191
1623.2522159845496
1627.3655913897705
1626.1191334049015
1620.5596572537788
1611.0725562671103
1598.5840628981557
1584.1554497092804
1574.3182461141814
1570.9191847046138
1571.9995454165019
1573.7647534589244
1575.3696876683885
1577.715071379286
1581.9415722767883
1588.6602972482794
1597.2328087387414
1605.2123924044524
1611.8890368427583
1615.7350967027178
1616.4958582622496
1614.6394865743985
1610.48606102039
1603.6371837743375
1593.8623974244
1582.0862666612409
1574.0356434922269
1572.3254095251498
1575.0770766195492
1579.963325295085
1585.6383441192124
1590.3587810862216
1594.8072371527062
1601.1295089101902
1609.4926253890617
1618.5514127094311
1627.3762239320624
1634.9122950683384
1639.605668810711
1640.6076229879973
1637.8474475029311
1631.8648341543185
1622.400753746289
1610.3352167922856
1601.2464362714472
1598.5609498731806
1600.785171257923
1605.677737962464
1611.2193900042332
1616.2235961631352
1621.0789143743516
1627.5048326754759
1635.638678551448
1644.5960427723082
1653.3258394196064
1660.5207984354304
1665.0417734164616
1666.2950624469515
1664.4946292887955
1659.3923745757472
1651.0489630236705
1639.2388423699801
1630.2119098225446
1628.1299196423936
1630.497689332763
1634.786649153049
1640.5072184421465
