1614.4434321827896
1611.3217011789961
1611.7968775410613
1612.0453649060464
1612.364679616172
1612.320588157308
1612.6985963946843
1612.6758063307461
1612.7649535132603
1613.3569483345223
1613.4311270429446
1613.2706389456487
1613.330839872636
1613.4333981531875
1613.1568526407816
1610.7843677301387
1610.1750499582793
1583.7793054928718
1576.2629328370401
1578.1501296716729
1582.7687832682013
1589.1155181263973
1594.286466392972
1599.773478118234
1601.0031565759475
1606.9979103541941
1611.0885440112045
1615.479157318936
1628.059269462417
1627.3928304806418
1625.075862947866
1620.7136334059753
1614.426439272212
1606.2901489606277
1596.4470877654821
1588.503896362929
1583.83341854329
1585.4947357541123
1590.0051605165038
1603.169808915763
1604.8062978494374
1609.506587020492
1612.1225913989963
1617.3746318239737
1618.9650485145637
1619.675627947391
1609.8686771155137
1603.6203072666797
1595.3677423125305
1586.058221767459
1579.0208981245153
1575.3560831015104
1575.249583348506
1577.7343580116217
1589.1215095028883
1601.9348186259208
1604.1720585872597
1604.802303536444
1608.264737782064
1611.1434631158709
1614.4755919835268
1619.9281731325282
1620.61137495061
1619.5546502525453
1616.6171383681296
1611.9350916822445
1605.745411311774
1589.2081359696365
1581.0495017211708
1574.939266600974
1580.0144707483707
1585.5850742107416
1597.6038015200327
1601.641061464335
1604.9447908346754
1608.4310859704246
1612.1122936433105
1615.4911174982547
1619.1694795228575
1622.6925570482686
1625.3815995956054
1626.8445216242699
1615.4855370926196
1608.5440963661802
1600.3153795627086
1590.068260176051
1579.4574585752569
1584.0033904835482
1590.452992893298
1597.7315635266384
1603.349136445863
1606.43458763959
1607.0831724237235
1610.3134736604613
1619.906993759499
1624.4082124020842
1628.5500012321527
1623.9424745953736
1611.3669881693984
1602.643835956789
1593.373295333469
1586.3468897364348
1582.6738532048757
1582.034318818567
1586.5228346237031
1590.3927828274657
1594.4160945905019
1600.7219655581662
1615.2602949315478
1619.0150020030896
1624.9515854974072
1623.6588497055702
1620.6786175730801
1616.768263745234
1598.6977706019202
1590.2778067866482
1584.0661027069
1581.7935623929995
1585.3088859337379
1607.4852866537487
1606.979550952623
1607.0305585243564
1608.6166742427347
1610.9301657936564
1614.0159316400136
1619.0212055148907
1616.3809204369152
1596.7468670408787
1593.8033038215265
1595.5941813037398
1599.1113402913297
1608.3288917574846
1612.628659883101
1616.7738883762731
1615.7094495929591
1614.092829796683
1616.8543902441315
1616.689377726189
1614.8433863084558
1612.4475797612251
1611.2392695201588
1606.060385955183
1605.2129091286936
1605.433612977484
1606.2634983662476
1607.4548573666668
1609.1205111932443
1619.9916069570234
1629.1458101632622
1630.0544913593724
1630.7574291396754
1630.5465047037765
1629.900287361415
1628.8757756037717
1627.202367004726
1625.0773080490135
1620.9442162777766
1618.096144322177
1617.7734058387025
1619.9626632369493
1622.1206654476898
1622.5583370961701
1624.886438393463
1628.2669575319565
1629.2311965948631
1629.4780077675466
1629.3563565121974
1629.2525913357317
1629.482783467685
1629.058658421451
1628.7537490542616
1628.1568528699033
1628.299613299166
1628.4119196583492
1628.4071590044105
1628.5042705105207
1628.6357237937502
1629.4067326724198
1631.1072012050386
1632.4780275908215
1632.344617930841
1628.2038663106416
1626.9659622849351
1624.5668227970991
1622.9765882899624
1622.4878391919817
1622.9507413663073
1623.5488323409345
1624.6737659007886
1625.1599191555215
1624.9760127399952
1624.3696838185429
1623.3318313428404
1622.9248350077637
1623.442965325567
1624.4870089901015
1625.7918276432201
1629.7930105470482
1629.9741740237723
1628.5660052778458
1628.7030349808465
1629.2212192102752
1629.561435588574
1629.257121413137
1626.5120801855737
1624.0455826775296
1623.0800379590535
1622.3684692866436
1621.8922104495985
1621.313782197683
1620.7073572506993
1619.88843161331
1620.163115609001
1620.2010346992279
1619.4033434268829
1619.0799684794592
1618.9683197532026
1618.8158494071886
1618.6320895433769
1618.5426694250448
1617.9044098287518
1617.8785663601086
1617.6692254633483
1617.424271839448
1617.2971153023589
1617.1835950508346
1616.6736459811968
1616.4439376313285
1616.229680696302
1615.9052814100435
1614.3603341396763
1614.0773213200966
1613.9920246431434
1613.7364029776522
1613.447738440908
1612.6785610449463
1612.3784744139857
1612.157873499614
1611.3306260102474
1611.311589082014
1611.5352210035485
1611.2525216246338
1611.0210026170757
1610.391664201275
1609.9757749446767
1609.861657889318
1609.6619182257693
1609.8607068384142
1610.4292604990505
1610.5719050351263
1610.0246695478822
1610.0934693910738
1611.8216167031308
1612.5893725788835
1614.980869771558
1618.4081400353627
1623.3574001346315
1624.7335531683646
1626.7478464549495
1627.2282470684206
1627.4678761816735
1627.326963361428
1626.7267579542242
1625.6560322278503
1624.2028328795757
1619.387191957583
1618.8853580940706
1619.1652775119783
1619.951993751606
1622.118121603088
1623.0249130242232
1623.3225112914708
1623.3786493421824
1623.843274509666
1625.2583683031721
1626.587841474364
1626.4478087313214
1626.2780013151792
1625.3701797733445
1625.1777564041445
1624.979499364522
1624.8901323741625
1624.7344643240144
1624.4750735155953
1624.273938575461
1623.9322709612975
1623.6111374617628
1623.523177781302
1623.647121644033
1623.3296620960377
1622.9350367907218
1619.3592660987024
1617.9967990657115
1616.9134771965862
1616.2829035423729
1617.1184031422595
1618.097613611592
1619.142378006904
1622.0118855346916
1623.8513942726445
1627.020909832425
1626.4536578889938
1625.0708942189262
1622.984749707567
1618.266219454457
1616.056218213027
1613.811731314612
1612.0731300265709
1612.357115234833
1614.5706149075202
1626.9189418534015
1628.0138550831373
1627.7516384592675
1624.328763770636
1621.1792905758562
1618.0804141513818
1615.7557397301339
1614.4872474690383
1611.43750489727
1604.9997130760669
1601.9343784529317
1599.8032989581025
1606.3928815165305
1611.345434925569
1620.3373423621601
1618.625911063108
1614.998654781162
1609.490140024701
1602.1043015190264
1585.8242189647492
1581.333972579053
1579.6586993221633
1580.5421487357223
1590.5006250191566
1597.3474101044612
1602.7494676146887
1610.7486935824547
1614.1317443257792
1618.205038672849
1622.297797398476
1625.1585174760542
1624.4146959913887
1621.3463265451796
1617.2023341292581
1611.9781207040078
1605.5816212041457
1597.3122473464666
1589.647737775892
1585.8666697696854
1600.4686599685276
1607.7458818966502
1618.7826654975488
1618.6544490933015
1623.554954161304
1626.535597834244
1623.3714209843195
1618.7797882614536
1612.9756288383096
1603.5013102954085
1602.635298259283
1603.5465112239106
1607.3897868729184
1612.9382636965652
1619.3572755070402
1625.0490969166447
1628.9170653613955
1628.1247500354486
1627.5059059650375
1629.4402326814866
1630.579215477865
1631.3848820629198
1631.6380183750605
1626.4221813426066
1621.1782240463237
1616.4949653062115
1613.079018103423
1617.4310304431194
1624.7309558074514
1631.7704951851401
1632.6783945396471
1629.9594966895493
1628.6007817770649
1628.5161553038138
1631.3955507769035
1632.465883951206
1633.0365254634055
1632.5700279683288
1630.7799298828425
1629.6095131303641
1628.172285939201
1626.5720159304115
1625.2630358853621
1626.0170041106958
1627.914727898501
1628.7541451330417
1628.8285590606306
1629.3823919544134
1630.3874399147735
1631.64121291623
1632.8211816059525
1633.9320596434645
1634.5932563462359
1634.0048407432325
1633.3282162388532
1632.2970070743074
1630.6627743229026
1628.3580197727226
1627.110174893477
1626.4012490303237
1626.1651410369982
1626.078947750743
1626.0216616384187
1627.03519896944
1627.5549574930194
1628.53621686622
1628.6545119155355
1628.3288840346086
1627.8661857866202
1626.2853672286149
1626.2586157956496
1625.8606021590704
1625.359132856925
1624.6454912835118
1624.4912122781147
1624.4259433894695
1624.4590642196306
1624.5289013723334
1624.4561673655626
1624.226357897119
1624.1311610844039
1623.7917689160022
1623.6035468648213
1623.3590326135566
1622.2041723945717
1621.988470247651
1621.931707584603
1622.0483656130516
1622.6167584926227
1622.8545482548811
1623.4621502532295
1624.246515847377
1624.8361644617871
1626.1809437815953
1629.1294892659153
1633.8860644373003
1640.7532427427716
1640.877820906919
1639.328537151272
1635.3664764871205
1633.5740358044407
1632.1726762506953
1630.5504491635113
1630.4019777829224
1631.0009224609253
1633.9067207213054
1634.960534186472
1635.6084665143
1635.9683073695512
1640.8704959167533
1642.850157524439
1644.1317886074485
1644.5703577747959
1643.641919538324
1640.6514948631254
1635.4417262515708
1629.8286221973947
1625.1950978929583
1622.0466181885756
1620.748916436478
1621.645426054613
1624.4660899077119
1628.2637143257587
1637.5111216457813
1637.5911228841105
1635.6747014481111
1630.2287762812196
1628.0598287429773
1623.6493611956744
1622.621794793867
1621.2802917104354
1614.6844244591855
1611.9500414688735
1610.0913067587724
1609.8931102908198
1614.7202365932017
1618.4867602583863
1622.3452959879028
1626.0197953919221
1628.8830836587326
1630.5737625349561
1630.6705788722456
1624.5012692188254
1618.2020015088788
1600.1340048956508
1592.091207581384
1585.2898949922524
1594.1668413780892
1596.1563248753364
1596.8023953909076
1612.7237511947562
1617.6239076040558
1621.7488857989604
1615.0924334969748
1607.9138999733095
1598.6909834584349
1589.5852859437944
1584.1772091077162
1587.5371223797222
1592.3987401827967
1597.0100446370877
1600.711563522253
1606.4298968977116
1610.432353188757
1622.9463336013187
1624.8561325525736
1624.527555776334
1613.096771892572
1605.8879770034732
1597.1308950083107
1588.222127812459
1588.0380912931541
1589.0982681583914
1591.7128841096142
1595.0255976884362
1597.9134691170586
1600.2655954838688
1613.5948305189838
1618.0487621117825
1622.4747699185177
1625.9514767029416
1627.732040911387
1613.1261765451663
1604.0707944373762
1593.3297516536923
1585.1971154145685
1581.4163463142975
1589.1094962524267
1603.7913250952518
1609.6988373899037
1613.20266195648
1614.551301438234
1615.9525308492066
1617.2563734825894
1621.05406526828
1624.4554823245353
1628.8583503142738
1628.237876652555
1625.8032724596396
1621.3706109306042
1614.7441388821276
1606.2354724510715
1596.650151756719
1586.7087215154836
1591.151727272611
